0000111010011010110100101011010010001001010111100011001110111110111011100111010111010101110001010100
1101111101010000111001010101001101110001110111010110101110010110001100011000101101011100111000010000
0011001001100111101010011101100101011110000000110011100011101110111000010110111111001000100111100010
0110011100011000100000101001010011110010010000010111111111001000011010100100101110011101101011011110
0000100011001011010101110101010000011000100100001011100110100100111011011100100000010000110100101001
0101001100100110010110011110101111111001011010110101000110100101010010101100111111011100111101010011
0011100111001110011110011001010000110101110001001110111010111011001001110110110011000111100101000100
1011100010000010000100010110000101111100101110010000011001001001110000111010011011010000101011100110
0011001010001000000101110000010010110010010110100011110010011110101100101001011110011011110000110011
1010011110001010001100000100111011100011110011010010010000011001111110101100011010011111111111000101
1100000011100111001000111101000110111110001000001101110000100111000110100000101011101101010011010001
0111001100100001110100010000001101001111001000111111011011010100000101101001010101100001101101100100
0101100011110001000011111111011101001100011001100001100011111001111001001001101100010001010101010000
1000001001101001000010111011011111000100011111001000100001000111111111111010110001111111011010100111
0001110010111000111110101001110010100111000100011100010110011011001000100110111111110000001000100010
1001000111001011011010010101011110010011010111011000000100001110110101100110011111000010010101100110
0001111010100100110100011011100010100001001010011000011110100101110110000000011111100011000110010001
1111101110000000000100000010110001111100111111011000000011100101010001000111110011011000110000100100
0100001110011000101011010100100111001110111000110010101111100001101011010010001001001010111111101000
1010010010101100110101010111010101100010000110111100101101100110011110110101110000011011101110011100
1111010101011000011110101100001100000000101100111101111001100010010000110001000010100010001000000010
1011000100111011001000001011101000100010001101011010000101011111010011110010111111101111101010011000
1101110101000101011110010000000110111100000110011111110010011000111001011000000001110111110000110010
0011010100101011110000100010011010010000010111000011001001100011010011010000000001101101010011100101
0101101101001100000000011111100110000100100010000000010101011010011011001000000111110110110001100011
1110010001110100010110011110101001000000101110111010011001011111011110110101100001100000101100001011
0100001101101011110001100001000010011101010101110110010011011010111001100100011101100011110011000100
0000101010111001010100111101001000100000011011100010010000110111101101110111001101110110101011101000
1111000100011101111011010111111010110001000100011110001011010111011011110100101010100000101000101000
0010110111111010110001001001001001000010101110101101011111010000100111100011001011110111011011101100
1111000011000001110101000100000101000001111011100111111101110000110110011010100010101000111111110100
0111100000010100100111010001101110100110111011001011100100010110100111101100000000110110111110100001
1100000111111011101010101111111001111100010111001100011100011101010000011000110000100010000110001101
1001111000100010001001101100001000111001011110111011101011001000011111000111000111001011111111110001
0010000010100101110111000100100111010011001011011000000010101100001000100011010110110101010100100010
0000111100000111010000100010000001010001001010100000001100110010100100001100000001001111110110000010
0001100100101010100110000000000100011011100001101111111000000110101000011001111000110110100110100010
1100101011011001101000110010000110100101010111101001010011010111100010111010100000111110000011001001
0000010111101011101101010000001001001110000101010010110010010111001111011000011010001000001111001110
0110010001010001100111000001001010010010010000110101110110110000101111110110101000111100010000010001
1101110001001010111111011001001111101111011010011100001111111011101010110011000011001010100101001100
0010011110101100101101010011111110101110101011011100001000111011101010100001110100110010010111001111
1011001111010100101111100111100000000111000011111000110111001101101111001000111010001110000011101111
0111111111101010101101110110001010111000111010100001110000000100111001110000010010100000001011001111
0001001011000010010001011100011111010111010011010110000110111000001010101101010100100101110001001101
1111110100000010111100101000101100010000011110101111110010001011010010101010001110001000111010110101
1111101110001010111000010110010101010001001100010110110101000000101101011001001010100100001001011110
0111110001010100000001000010100101010110000010000100010111110100011001101110110101110101010001000000
1100010111010100001110111011001111101110001010000010001101001110000100100111111110111101000111100010
0100011111001000100110001101101110111100001101011000001101111010001011010110010010011101110001100001
0110000110101110111011011111000011011000110011001100001100000101001001011110010100110000110100100001
1100000010000111011100000111110100100010010101000111101010110100111010001011110101001001010000111011
0111100010010011010100100000011010100011010010001010100110110001011010101001001110100011011011100100
1001000011101101111100001101001001100101001111000111111011011110100111011100010001101000101101111101
0001111101101100110111010100001101010000101011000010011000010101100101001100010110111000001101011000
1000100011111000000111010000000010000100011111100011110010010011000010010101111110011010010011011010
0010110011100111100110001011011011100111000001010011010111010011100111101101001000001000101000111110
0000111110000001001110111110000101110001101100100001111000010000111111100000011111000101100110101000
0110110001110101100010000101001010011011001011101110110101001001000011111010111100101011100000101100
0011000011101000011111010101101100110110000100111001000000111001010001001010001011110110001101001101
0100110001010100010011111010111101101101000110111000111010001000110010110101100000010101100100101100
1001100100101001100100010110010110011001010110010100101010010001100000100101100110010111010010100000
0010110110011001011001010100101000001010111001100000000010010111111000111011001011111111110111000110
1011000010101011100010101011100101000011001000110111100001101111111110000100111100011011101000111101
1010110000100111001100001110011010001001011110010101001101100100100111010001010101001111010100111100
0111100111010001011001101000000010100001100110010110011011011101111111000011100111100000101111001110
1111000100001100000101001000000111010000000100100111101001001011010011011111101001111011110111011010
1001110010011100111101001010010010101101110001000011111010011110100101010000100001100001011000011101
0000100011010111100011010001110110101010111111001100001011100100010111101000100011001100101111110000
1100000111000001010111000000000101001010111101100111010010010110010110011101011100000001011100101010
0111001110001001110101001000011010110000100010101111101001101000011100110111101111001011101001000010
0010100101000001010011010101111101111100100110110111101111000010100000011000111111001110000101111111
0001011100011110010110011101110111000110100111110001000000110101001011101110011110010110101101101010
1010100110000100011100100001010011001101101111111011101101001000111101011101110001111001100010101011
1100101000001111110010101010000100111111111000111010001100000010011100011111110010110011011011110010
1110100010100001010001010100010111100101010010111111100110010001001011111100110011101111010001101000
1100101011100000001011010111110010100001110100100000001011000001011010101101011001001000100101100000
0000101101000000000111110000000101101011111001000001110110011001111101010010111101010111110011010100
0001011010111001110001100110011111000101010111100111001010111000100100100111000101001110101000010100
1101101101000011101000000111011110100010101100000100110001100011001001111001001010011011101100111011
1010010001011000011110101010001010010000001110011111001100100001111111111010010001101011001010001110
0001010100101010001010000001110110111101111010011110100000101110101010101101100010010010000100110100
1100011010010100110011111111011100111110111101100100011100101010011100011100110100111100110100101001
0001101011011101011001101010011011101110010000111010100101100101010001010010101000010100000110010010
1011000101000000101001110110000100110101001011100000110111111000011001110111001000101110011110111010
0110001010110010110100010001011000001110001001010100101101010011001110110100001011000110001001101100
1100000000001001100101000101000000000010010001111111111101110110110111101001110011100011100111100011
1110111010001100111001010100111101110111111001011101000010010000110101111001001101001010111111101101
1110111110011000111000100001000111110000111011100001011001100011100001010101110110010100110111011111
0110011101110100100000111100011000011001110111101101111001011011000001110011101001010101000101111111
0011000100001000101101110000111010100111111111101000111111100101111011100010000100111010101111111010
1000000000011100011100111000010011001001000101000110100000110111011110110110010100110111000001100101
1101010100000111110110111001100010010000001100011001010110010011011011100010011011110101000000001111
0010000011000110110110110110001100100011111010001010101100101011010011100001011110101001111001100111
0011100110100011110000001111100101011110101100111111110011101111101010100010000101011000110011001100
1101101101001100100110101101011100000010101011001010011001110001011010100011110001000101110100001110
0010000110111100101001101001111110010000011111100000110110010101001001001000110100111101000000101001
0101101011011110111101100001100110000110011100110100010000110000000111110001110101110110111111111000
1110011111010101001111000010000110111000000010110101011011011100100000101110100010111100001110100110
0011101001000011110101011101110111001101111111000010010100111100000100011000100111010001010101101111
