0001000010111001100000111111101111110001010100100111011011110011011011111111110101010111001000101000
0100000001010000000011000000011101000001010100011100101000000000000011010000000000010110001100011000
1000000001000110001101000101010100000110011011010000000000100011100000110110100001000010000000000010
0110111100011000001110000001011011000011000000110000001000001011000010100000100001110101001000001011
0101100011101011010101000001010000000101100100100000000000111110000010000011100001000010000000000001
0000011000110000010000000000001111000111001111110000000000100101000010000000001101010100000101011111
0000011001001001010000100001110000000101000001000111100010101000001000000010000000010110000000001101
0000010000001010000001000110101010000100000000111000000011000000000100000010000000010000001110011101
0000001011000000000100110110110000000010000000110011000000100010000010100010000000000000000000011001
1011011000011011001111000110111000000000110011111000001000100000000000101100000000000000000100011001
1001010000110100000000110110100000000000001101000000000001100101010000101100100000000000000000001000
0001100100000000011110000001110001000001001101100000001110000100010100100001000000001001000100011000
1101111010000011000110000001000001100000100000000000000100010000000000001010000100000100000000011100
0010000100001001011000000000000000100000110001001101110100000000000010001010000000000111010010110111
0001111000001010000010100000000000101101010000000100001110010000000000000000000000000001100010110000
0010000000001011000011100100001010110100000001000000010001000000000101100111000000010011000101110111
1000000000000111110110011000000010000101000000000100001000110000000100100000000000010111010110011100
1100000000011000100100110010010100000000000011000100000000010000000001100111100000011010000000101000
0000100000011100101001000100000100000010100000000001001000010101000000010000001011000010000000100000
1001110000100100100000010001110001100010100010000000000000010110000010000001110001111010100000111100
1000000101000011000011100000000111100001010000000001100000000000010000000000000010100000001010000000
0000010101000011000001001011011011101100010001000000000101000011000010000001111100001000001100111100
1000010101000000000100010110100010101100000000010000111110000000001100001000011100000000001110000110
1000000101111001010100100010111000110100001001001000001101000011000000010000000000000000001010000101
1000000101000001011000100000100011000000100000110111110101000000000000001000000000000110000100110000
1001110000000001011011000000110001000111101000001010110101000000000000010110110000000100001100100001
1110001100000011010101000001110101111000000000000011110011000000000000000100010100000110000000111110
1001011010000000000100000100001000100010010000000001011100000000000000000101100000010110001010101100
0110000000000000000111000000001000110001100000000001100000010100000000000100101000000000101000001000
0000101100000010000101001001001001000010000000100000000000010010000000000010100010001111000000000100
1000010100000110000101001011110001100100000000100000000001010000110000001010000110000000000000000110
0000100100010100000000010000000000000110000000011000000000000110000101100001110000101110100000100100
1000001111001010101000000000000010000001000000000000000000110001010000010001100010101000000000001001
1011111000001000001000100000001000000001010000000011101011100010110111111100010100001000010000111101
0000000001000100010110011110000111000011000000001101011010101100000001001001101100110000000000110011
0000111111011000010000000000000101010100010010000011101101110010001100001100000111000000010000000111
0001000001101000001101110000000101011100011000001111000011010000100100100011110001000000111000000111
0001101000001000001001110000001111100000001100001000000111100000101010000000000101100011001000111001
1010110100001110001001010000001001111001100100000110000000010100001000000010101101000010001101111111
1111010000011000000000011000011000010000110111000101000000000000100000000110101010100000010001110000
1001000101001010000000011000000000100000001010000000100000000010001000001100001111000011110101110001
1000000000100010100000010000000000100000101000000000000000000000001000100010000100110010001100000001
0000000000000010100000000000000010100000001000000101000111100000000000000001000010101110001000100000
0100000000011010100000000000101010110000011000000111010000100111100000000100000010011001110100000000
1000000000100010000001000010000001000111000000010000001111011011001010001110110000010001000000000001
1000000001000010000100100010100001010001010000100000010000101101110010100011110010011111001110000001
0000000110001010100100111110110100010010010001010000000100011111100100000001100000100110001111010110
0000000001010110000011000000110000010001001010001101110000010110010001000000000000000100101100011010
1001000000010100001000111000000000000000001011001100010000000010010100000000000000000001011000000000
0000010000000011100000000000111000000010001001111000010001110001001011010000000010000101010100010011
0010000000011000000001010000000000000000110001010001000000000101101001010000010101100110000000000001
1000000010010000000001110000010100100110010101000000101010110001000010100000010001000011000110001111
0001100110110000000010001000000010110101010000001000000000000001000000100001000100100111000010000001
0100001000000000000001111110000000010001001000000000000011000100000000000010110000001101100000000110
0001011100000011000001010110001101001010100000000000000011010000100101000000000000000000000000000010
0000000000000000010000010110010000001101111000000100000011010100000000010001000011100000010011000010
0000000000001111100000000011001000011101000000010000000111011010000000001101000001011010101000000010
0110000100011100011000010000110000000000111100001000000001011010011000000011000011011100000100100010
0110000000011011100000000001111010000000111010001110000000001001000000001001100000001000111000100010
0000000010000110011000010100000000000000001000000011000111101101010000000010001011000000011111100000
0100010000000100010000000000000001000001100000000101101001101000010000110100110000010000110100101110
0110000101100111000100000010000011100001010000000000101011010100001000000100010110000000010000111010
0010011110101000011111010000101000011010000011000100110110010000000001111000000001000000000110000110
0010001110101000000011100000100110000010000010010101100100000000000000000100000000000000000000000000
1000010100101100001110101010111010000000010011010000001100000000000000100000000001001000000000000000
0000011111110001110001101000001000110001110001110000000000010000000000010000000100000000000000000010
1000011101100110000101001000000100011010011101101000000001000000000000011100000100000010000001000001
1000010111110000111101011101010000101111000001101000001010010000110100000010100000000000000000000110
1101110000010100000000000001110100101010000000001000001010100001110000000101101111100011000011000010
1101001000101100010100000000000000001000000000100000011010010110110000000000000000001000000000000100
1001001000000011010100001000000000000000100000000000001000111011110110100000000001001000100001000000
0100100000010001010001010101000000000110110000000000001110001111100010000000000000110000100100001001
0110010000001110010000010100000000000000100000000000000000111111001011000010000000000000111100000000
1010100010010000000000100001010000000000000000000010111110111111100001000000000000000000000000001011
0000100011001101000110101110100100000000000000000000000000000001000000000000001010000000011110001011
0010100010110101011100010000010100000100000100000011010001000011000010000000000110001000010100000000
1010101000100000001000010111110000000100000110101100001001111011000000000001000000000000001000001000
0001100000000000111100010000000000110100000000000001110000001001000001010000000101010000001111010000
0011000000110010011100011101110000010100000001100100001010001110000100000100000001000000001011000100
1101000101000110000010111001100000100011100000110000110010000010000000000001101110000000101000100001
1010010101011010100011000000000000000110000010010000001000100000000000000010010111101000111011000001
1010010111100000100000000000000010000001000000000000100001101010000000000001001010000010110111100000
0011000010000001100010001000000000000000000111000000111110101000000111000000001100100110000101101110
1001101001010111001100000000110010000000000000001101100000000110000111000000101100000000100000000011
0000111000000110000111000111100110100001011110000100100000001101010000000101001001110000010000000010
0001000111110000000101010101101000011001011100000100000000000011000000000100001010011000100000001001
0001001001001010000100000001000100110000000011000000000001010110000000000111110000100000100000000001
0000100010000100000111001001111100011110000100000000000010011100000100000100000000011010000000000000
0000000000000001001001000110000000000100000000000001001111001110010000000100000001010100000000000000
1000000001100101100100001000000000001100000000001111000000011000000000011100001001000101000000000000
0011000110000000100111000100100010100100000000001000000110000000000000001000110111000000101100000000
1001101000010000000000000001001010111101000001000110000000010100000000010111010100000000100100000001
1110000010000000000000000011111010110010000000011000010111000000000000000111000000000100010000011000
0000001001000000000110100000011101100010100010100000000000101000000000010011110000000111001011110001
0000111000101000000000100000100000111000000000100000000010001000001010110010000101011110000111110001
0100111000000000001110100000000000110010100000001010000000000000001010110110010001000101011011000010
1000000000000000100000001100000000000111100000001100100110000010111000000010000000000000000000100010
1001100000000000100000010010000000100100010000000010000000000110000110000010000100000001110000001010
1000000000010000000000011110010000110001000000010100010111000100000100000110001000000101000000000001
0011101001100011110101101111101101101100111111100010110111100100000000011001000111010000000101111001
