0000000001111000000001111111100001100000000000010111111101100000000110011111100000100101001100001000
0000000011010111000111010000000001000001010101010101101100010000010110000000010010000000001100011100
1010011010010100001001000010000001000100011111000000010000000110100010011001000001010001001100011011
1110111100011001010001000001010110000000011110010000000000101000100000110100110011000101000000000111
0101000011001100110100000000010000000100101100000000000000100000000110000001110001010110000000010000
0000001110001111010000000001001110001100001100010011000000100000000100000010000010000100000000010001
0000100000101100100000000011100001001101000100000111000010110000000100000000000000010110001000100001
0000010111000100000001011100001000000100000001001000100010110000000100000111000000001000000100000001
0000101100011011001100100000000100000000000000000100000000100000000001010010000000000000001010100001
0111011101011110001111000000001000000000011110001000000000110010000000101010000000000000000000000100
0100010000110110010000101100001000000000100000000000001011100010101001101110000000000000000000000100
1100000100000010001011000000010001100000011101100000001111101010101000001011000000000000000000000000
0100011010000011000010000001000001100001101011100000110000000000000000010011000000001101100000000000
0110000100000001101011000000000000100001010000001110110000000000000000000000000000000101000000000110
0011111000011010100110100000000000101110010000001110000110000000000011000001000000000100000110000000
0001110000001000000000101000000100110100100000000000010011010000000011100010000000001100001100000110
1000000000010000011100001100001011001010000011000000000000110000000000010000100000110000101110000000
1100000000010000000101110100001110000011000000000010000000010000000001110011000000111000000001101100
1101110000100101100000011011010010000000000011000000000000110100000001100000000011000010000001100100
0001110000110100110010000000101100100010110000000001100000000110000000000000110100010101000001111000
0000010001100100100011110010000100000111010000000000000000000101000000000000000110101100011001000000
0000000101100011000001011011111000001110100000000001000100000000001100000000100010000000010001011110
0000000101010011101010111000000010000010000000100000010001000000000100000000000100000000010011010000
1100000101010000010100110110100110110100000000001110000001000000000000011000001000000000001011001100
1100101001010011000010100000001011001100100000110010000101100000000000011100000000000110000011110010
1011110110000001000011100000001000011111110000011000000101100000000000000110111000001000001101000110
1010000100000011010101000001000011011000110000000110000001000000000000000100011000000000001000100010
1001011000000000000101000000101100001001100000000000001110000000000000001101101000001111010101100010
0111100000000000001101000000011101110011100000000001111000001000000000000100100000000000010100011000
0100011100000110001101100111001001010011000000000000000000010000000000000010010010000111000000001110
0000110110001110000000111111110001100100000000100000000000101111000000000110010111010000000000001110
0000010000000001000000000001100001000110000000010000000000011011011000110010010110001100000000001100
0100000010011000010000000000000000000001100000000001000000110101010100000011001001001000000000100000
0101111001001000001000011100000001000001000000000111101010001111111011000110010111101000000000100101
0000000001110100010100011100001101100011000000000100000000001111010001000010110001110000000000100000
0000111100011100010001000100001101010100111000000000001000000100001110011100000101000000111000001000
0001000001101100011111010000000000010100010000001000101000010001000010000111101100000001101000010000
0010001000001000011000001000001000000100100100001001000100011000001000000010000101100011100001000000
1000000000000000000001000000000000001001100000001110000011100000000100000110001000000011011110000111
1000010010010010000000000000011001001001110001000101000000000000010000001010000000100010010100000101
1001100000101001000000100000000000110000101011000000000000000000010000001001011000010011110101010000
0000000000000010000000011000000000110000001000000000000011000000000000000110001000111000100111010000
0000000000010010110000000000000100100000001100000101100011100011000000000010000110100010100000000000
0000000000010010000000000000000110110010011000001101100000001100100000001101100001100001111000000000
1100000000110010000000000000010011011011011000000010111111000000000101001000010000100000010010000000
0000000011000010000011101010110010001101000000110000000001100000011011000000000000110001001001000001
0000000011101010000100111110001000011011011001111000011000100000001011000010010000010000000001110111
0000000010110011000111000001111000000000011010110110111000010000010010000000000000000101100000111010
0000000000100100000001110000001000000000011010000010011000011111110101100000000000000001000000011111
0000000000010111000000001000010000000000001100000100100000100001001011000000000011000101010000000011
0000000000011001000001010000100000000111110001011000110000001001110000010000001001100100101110001000
0001000111000000000011011000000001111111010010100000000000000001000000110000100001000000000110000101
0000000111110000000010000000000001110101010000000000000110100010000001000001011000001000000110001001
0011000010000000000011000010000111010101010000000000000011100000000000000001100000001101100000000111
0000011100000000000001000001001000011010001000000000000100000000000000000001100001000000100000000011
0000001000000000000000100000010100000000010000000000000000010100000000001010000011110000010000000111
0000000000010011101000001111001000010101000100001000000100000010000000001101100000000000011111000111
0110000000000000010000000010000100001001000100011000000001000011000000001000000011000001100100000111
0110000000010001100000001001001000000000100000001011000000000001011000000100100100111100100000110000
0110000000000000011000000000110000000001001100001000100110101110000000011110000000000000000010100010
0110000011001001110000000000000011100001110000000000101000000010111000001110110001000000100100001010
0110010101111110110100000000000011110011000000000010001000010000000001000100111010000000110111100001
0011010000101010001000000001010000110111000011001010000001101000000000111100000010000000000000011110
0100000000101000010000000000100010000100000100000011100000000000000001001000000000000000000000000000
0000010000001100111100000101101011000001010010010000001100000000000000000000000000000000000000000000
0000100000000001110000101000001000111001000100001000000000000000000000110000000010000000000000000000
0000100000001010000101000000001000000000011000001000000000100000000000011100000000000000000000000101
1000000100010110011100111111010000100001001011101100000010100001011000000010111001000011000011000111
0001010110000100100110001011011000001011000001100000001010111010000000000011110111000000000000000010
0001001000011100100000000000100000010100000000000000011000000100000000000000000100110101000011000000
1001110000011111010010001000000000000101110000000000000011100000001111000000000000101000000000000000
1101110000001001010000110110000000000000110000000000001101000000001000000000000000110001100110000000
1010110000011110100000010000100000000001110000000000000000100000010111000000000000000000111100000111
0010110011010000000001100001100000000000000000000000011101100000100011000000000000000000100010000011
0100110110000100100111101111110000000000000000000010000111111000000000000000000010000000010110000011
0100100110110100110010110000010000000000000110000110000001010100100000000000000110000000010010000100
0110100001110000000000110011111000000110000110000100001001111000100000000000000100000000010000000000
0100110000110000100000110000000000110110000010111110111101100001000000000000000010100000011001101000
0100000000100111100010000111010000010101000001110001001100001011000000000000001001100000001000000000
1001101001000010011010100111010000001001000000011000011001000010000000000011111000100000101000100010
1011100100011010000011110000000000000100100000110000100000110100000000000010010000000000000000000000
0010100100110000110011000000000000000010000101000000100010100100000010000000010000110010100000010110
0010011000000000110100000000000000000000000010000000001110101010000101000000000010000110111100110111
0010001100001100101001000110110111000000000001001111001100010010001101000000000011010000000000000001
0000001000010101000001101100001111010000010010000101100000001001100010000010001011111000110000000110
0001000111111010001101101100011011001000010001000000000000000001100000001100001100001000110000000011
0001100000011100001101101000000100100010000010000000000000110001000000001101110000100101000000000000
0000000000000110001101000101111100110110000010000000000000010000000000001101100000011100000000000000
0000000001000001101001001111111000010000000000000101000111100010000000000110000000010100000000000000
0000000011000011111101001010000000001110000000001111001001011000000000010100011101001010000000000000
0111100111100001100110000000000100100000000000001001000000010000000000000001110101000001111100000000
1000100010000000000010000000001010000100000000010100001001000000000000000000010100000000100100000000
1111010100000000000000000011000010000010000001111100000011111000000000000000011000000101111111011000
0100001101000000000001000000000110001101000001100000000100010000000000111000100000000001001000000000
0000100100000000001000110000011000001100000001010000000000010000000000000000011010100000110000010011
0000101000000000000101010000000000100010100000011000000110000000001000111111000010100100001000010011
1101000000000000010100011100000000111100110000001011000000000111011011000011000000000011001001000011
1100000000000000000000010010000000111100000000000010001001000111010110000011000000000011100000000111
0110010000100000010000000000111000000110000111100111110100101100000110001111001000000011000000101111
0001000000100001100000100001111001101000111111100000110100100000000000001110000110000000000000110000
