0000000011011110000001011111000001100000000000100100000110100000001110001111100000000000001100011100
0000000110000110000100010000000011000000110101000100000110100000001001000000000001100010010010000010
1011100011010101101101000000000001000000000001001000111000011101110111111000010001100010001100010001
1000100001110010010010000000101010000000100001000000000000010101000111110010010011000101000000010101
1101100001000000010000000000010000001100000000000000000001100000000110000011010001100100000000001001
0000000110000001011000000011011110000000010010000101000000100000001100000001100000100000000000110000
0000010000010001100000001111111010000000001110001100100000000000001110000101000000000110000000000011
0000110111100001000000111111000000001110000000001001000000000000000010000111000000001100001101000011
0011100001010001001000111000001100000000001110001100000000000000000000111000000000000000000100000010
0111000110000000010011110000001100000000011100000000000000010001000000001011000000000000000000000010
0000110110110001010000100000011000000000100001000000001000000010000001101000000000000000000000000000
1110010100000000000111000000000001100001001100100000001000110100000000101000000000000000000000000000
0000001010000010110000000000000000010001000010110101100111000000000000000111000000001101100000000000
0100000100000100110000000000000000100101011001011010111000000000000000000011000000000101100000000000
0100001000011100110110110000000001101111010000001011111111000000000010100000000000000100001110000000
0010001000001100010011001100000110100001000000000100000111010000000010100001000000011100010000000000
1100100000011000001111000100001001111010000000000000000001011000000010010010000000100100011011001010
0010100000111000110110100000011000000111000000000000000000000000000001010001000000001000000100111100
1101010000100011110011011111110011000010100000000001000000110110000001010001100011000110000010000100
0011001000010100010010001110111110000110110000000000000000000100000000000000001100110100000010011000
0000011010001100110010011110000100001000010000000001100000000100000000000000111111011110111011000000
0000001000010100010100000011111100001000100000000000000000000000001100000000000011000000110001011100
0000001101010010111110000000001011010011000000000110000010000000001100000000000100000000011100010010
1100001101011000011110000100000000110110000000101110000001000000000000010100000000000000000000001100
0000101001000011100110000000011011000000110000100010000000000000000000010010001000000100001000010010
1010110110000000000100100000000000000010000000111010000000000000000000000010101000000100001100010111
1010000110000011101100000000011010100000000000001100001001100000000000000000000100001010010000100011
1000011000000000000101100000100000001110000000000011101110000000000000001101101000000110110111100100
1101000100000000000001000011100001011100000000000000111000000000000000001100100000001000000010111010
0100000110001010001101000000000100011100100000000000110000010010000000000011111111000010000000000010
0000100110001001000001111000010011001101000000000000000000100001100000000111110001000000000000010000
0000111110010010000000011100010001100111000000000000000000000000011000000000110000111100000000011010
0010001000011000000000001000000000000001100000000001100000100000000111100001110000101000000000011110
0010110011000100011000010100000011100000000000000101100000000000000111000100010100001000000001110000
0001000111000100010000110010001101000011010000000101010100000000000001100011110100010000010000010000
0000111010000010110001010100001101010101111000000000010000000101101111001000000101000001101000010000
0001100100100000100111101000001100100110000000000000011100010000001010000001001101100010001000000000
0000000000011100010001100000000000000111110000011011000111011000000100000000010110000000000010000010
0100000000000000000000000000011000001110000000001001000011110000001000000011000001100100010110000101
1100100000010000000000000000000000101000000011001100000001000000001000001011011000000100000000001101
0000100000010111000000010000000001001001101111000000000000000000000000001001011000001110010101001000
0000000000010110100000010000000001000000001010000000000010100000000000000111011001101110001101000000
0000000000000110000000000000000110000000000100001101100010100111000000001000000110000000001110000000
0000000000011110000000000000001100001111100000001100001000100111000000001111100010110001001000000000
0000000001110111000001000000111000000001011000011110111111100000011101001100100000000001000100000000
0000000010000011000011101011111111100000000001001000100000100000011000100000000000110000000011000001
0000000100000010000100001010001100011011011100000100101001110000001000000000000000111011100001000101
0000000010001011000100000111101100000000000010000111100100110111010000100000000000000011100001000000
0000000001100100000001110000001000000000000011001010001000111111010100100000000000000001000000100000
0000000000110101000001001000010000000011000110001101101000000000001111000000000011100001011100010001
0000000010111101000011010000000000110000010111111000110000000011010001010000000000100010111010000101
0000000100001000000011011000000001000000011001110000000000000011000000110000101001100000000001001110
0011000000100000000100100000000000000001011000000000000110100000000000100001010000001100000110001001
0000000000100000000011000000000111000101011000000000000000100000000000000010000000001101100000000100
0000011100000000000011100000001000111110111000000000000011100000000000000010100011011001110000000000
0000011100000001000000000101110100010110001000000000000000000000000000001010000011100000110110000000
0000000000000001110000000111001100001010101000011000000000000111000000011011000000000000010110001000
0110000000000010010000001000001100001011100000011000000000000011100000001011100011111001100101101101
1001000000000000101000000001111000000001101100001001000011000001100000010010000011111001100001110101
1001000000000000001000000000110001000001001000000100110100000110000000010000110000111000000001100100
1001000011001011000000000000000010010000011000000001001000011011010000010000101000000000111100110111
0000101000000010000000000000000010001100000000000101010000110000010000100001101111000000111111100001
0001101000000011101000000000100010010101000010000010000000110000000001110100010100000000000011111110
0010100000001000100100000010000110101101100101000111000000000000000000101100000000000000000000001100
0000000000011101000000000001100011111010101110000001000000000000000000110000000000000000000000000000
0000110000001011000110000000001001110000010100011000000000000000000000110000000000000000000000000000
0000000000001010000111000010011000100000111011001000000001000000000000111100010000000000000000000101
0000101110000011010001111001010000000011111110101100000100100000000000001010001101000000000000000101
0000100110010001100110001000011000011111000010110000011000111110000000000010000101000001000000000111
0011001100010000110110000101110000000100000000000000011010001100000110000001101100111000000000000000
1100001000000001010000011100000000001011010000000000010011100000001110000000000001001011100101000000
1000001000000000010000110100000000000010001000000000000100000000010000000000000000110001100110000010
1010001000110111100001011010100000000001010000000000010000100000011101000000000000000000001000000101
0010000111110011000000001100000000000000100000000000001100000000000101000000000000000000100010000000
0110000000010000110100001110010000000000000000000110000100001000000000000000000110000000111111000101
1100101100010000110110000000000000000000000110000110000100000100000000000000000110000000110110000010
1110100010000000110000001001111000001110000000010001001100001001100000000000000101000000110001000000
1101110000001010100001111100001000110001000110000111100001001111100000000000000110100000011000000000
1111000001110110100100111101000000110101000001000011000001100111000000000001101100110000001101110000
1000110000111000110010111101000000001101100001001000111100111011000000000011101001100000010000000000
0010001110011101101000010010000000000111000000111000100000111110000000000010000000110001010000000110
0010100100111001111100000000000000000000000011100000010010100110000010000000000000000110101000110101
0110010000011001000101000000000010000000000011000111011010101010001101000000000010011110111000110101
0000000100001111101011101110010001100000000011001101111010011010001101000000000000010101000000001001
0000001001000001011100000000100000000000000011001101100000000010110110000100001000001000110000000100
0001100111000010001100000000010000010000000011000000000000010010000000001001101110001101010000000111
0001100011000000010000001010000000101010000011000000000000110001100000010001011000000110100000000000
0000000000000111000001010000000100111110000000000000000010010000000000000000010000110100000000000000
0000000011000100000001101000000100110000000000001101000111001000000000000001111000110010000000000000
0011000100000010000001001010111000011100000000001001100101011000000000001101010100101111111000000000
0111100100100010000001000000000100001010000000010001000000011000000000000000000100000001111100000000
1000011000000000000110000000000011000000000000000110000011001000000000000000000110000010000000000000
1011110100000000000000000000000011001010000001000100000111011000000000010000111000000011000010000000
1101110100000000000000100000001110001000000010000000000011000000000000010000100100000011000010111000
0000000110000000000011010000001100011001000001011000000110000000000000000011110100000000111000000011
0001110000000000000110000000000000100011110000111100000000000010011101111101100100000011101000100100
1110000000000000001010010100000001000011110000011011000110000101010011111000100000000100110000000000
0000000000000000001000010100010000100000000011000000011000000001010000000000100000000100100000001000
1110000000000000100000000000001001000010010000100110000111111100001110001000000100000010100000101001
0010000000000000100000000001001000000100011000100010010000010000000000001001000100000000000000111110
