0000000111001010000000111110000011100000000000000000000110000000001110000111000000000000001100001100
0001000100010000001100010110000010000000000011101100010010101000100000000011100001100000010010010110
0101100100010101111100000000000101000000110001100000011100110101110000001000000000000111001100001001
1000010000011011010110000000010000000000000000000000010000010101000000001111011010000100000000010001
1101100001000000010000000001000010000000000000000000000001110000000000100010010010100010000000101010
0000100010000001011000000000000010000000001010001110000001100000000000000000000001100110000000010011
0000110000100011010000000000000010000100001110001101100000000000001010000100000000001110000000100011
0000011011010011000000100000000000000100000000010010000000000000000011010101000000001110001110000100
0100011000000000100000000010001100000100010010001100000000000000000000011000000000000000001110000110
0100011100010000011000001000000000000000010000000000000000000000000001001000000000000000000000000000
1000110001000000101100010000011100000000100010000000000000111010000001101000000000000000000000000000
0100110001000001011011000000000000100001100110110000011011100000000001101010000000000000000000000000
1010001010000001111010000000000001010001010010000111100111100000000000000101000000001101100000000000
0000001100000110000000000000000001100101011001000000000000000000000000000101000000000101110100000000
0110001100010010000110111000000010101101011000011010000001100000000000000011000000000100111100000000
1010010000000000110000011100000110000001100000000111110000011000000110110000000000010110010001000000
0110010000100000100000101100011011111000000000000000000001011000000010010011000000000100011111101000
0010110000101100000000110001001110011000000000000000000000000100000011011011100001001010001100110010
0100010000100111000000110000000011000000110000000000000000001110000000000001100111110110000111100100
0111001100010100001110100000000001000110110000000001100000000100000000000001000000010001010010001000
0000011000010110110110010000000000001001010000000000000000000000000000000000010000010111101111000100
0000000010110111000000001011110000011101100000000011000000000000001100000000010001101101000001011100
0000010000010100100000000011101011010011000000001010000000000000001100000000000010000000111000110010
0000000001011110000001000000011000011110100000011001000000000000000000001000000000000000010100011110
1001100001100001110001000000000001100111000001100011000000000000000000001111010000000000001100010001
0000110001000000010000000000000010000000000000101010000000000000000000000001011100001110011100111100
1001100010000001001101100000010000000010000000001000011011000000000000000110101100001011110000111001
1010001010000001001101100000100001100010000000000111100011000000000000001111110000001011111110001101
1110000110000000001101000001100000100000000000000000000000000000000000001000000010000011000110111010
1110001000000100000001010001100001000000000000000000101000000001000000001000001111000000000000101100
0000100001011011000011000100001011000001100000000000000000000001110000000100000101011100000000011100
0001100010010100000000000100000011101100000000000000000000000000111111000000001001101100000000100010
0000000001111100000000000000000010000001100000000011100000000000000000100001000000100000000000000010
0010111001100100011000110100000111100010000000000000010000000000000100000000000000001000000000000100
0001000000000110000000010110001000000011011000000001011000000000001000100111110100000000110000011000
0000011000000001111000000100010001001100011000000000010100000000011000100010010101000001101000000000
0001101100011101101000001000001110100000001000000000110100110000011001000000000001100001010100000000
0000000000011000000000110000010100000000100000011111100000001000001100000011100100000000001010000010
1100000000010000000000000000000000011000100000000001000100011000001100000111010111000000000110001101
1100000000001010000000000000000000001011000001001100000011000000000000000000011000000000000100001100
0000000000110101000000000000000001110000011000000000000001000000000000001000000100010000000100001100
0000000000000000000000000000000001000000011001000000000000000010000000001111010011011010010001000000
0000000000010000000000000000001110000111000100001110000100110101000000001000011110001110010010000000
0000000000010000000000000000000010000111111000000000001000110101101000010011100111000000001010000000
0000000001110000000011100000000001000101010000010011101110110010110100011000100001000000000110000000
0000000011100000000011110010000011110011000100010010100000000000000000000000000000101010100011000010
0000000110000000000101011000000001110000001110001100100001001010101000000000000000101110100001100010
0000000011000011000010111111000000000000001011001000101100000001010000000000000000010100000001100000
0000000001100101000011111111101100000000000001001000001100100001010100100000000001000000011000100000
0000000000000100000000001000000000000000001000000011101000011000010101000000000001100011000100000010
0000000001100100000000010000000000100000110000000101110000000011101101010000000010010001100010000101
0000000001101100000100011000000000100000000000001000000000000011100001010000110001110100011001001001
0000000000010000000100110000000001000010000100100000000001000000000000110001110000011110000010001000
0000001000000000000100000000000111110101000100000000000100110000000000000010100000000001010000000000
0000010100000000000010100000111001110000100100000000000001100000000000000010000010011110001000000000
0000010100000001000001000101110100100000101100000000000001000010000000011010000010110001000110000000
0000001000000011010000001101000010011000100000011000000000000100100000011000100000000001010000011100
0110000000000000001000000100000000000010001100000100000000000100000000001000100010001001011100000100
1001000000000000001000000001000100000000001100011100100010000100100000011110010010000101100000000100
1111100000000001010000000001001000000001000000000011111110001100000000111001110000001001001010000101
0001100000000111000000000000000011001000011000000001001000111011100000110000001011110000100000011101
0000100100000000100000000000000111010110000000000001100000000000100001001001100010000000100000000001
0000100000000110110000000000000010010001100010000000100000110000000001000110110100000000011000000010
0000110000011000110000000000100100000000111001000101000000000000000000000100000000000000000001100010
0001110000010001100110000001000000000010100000001101000000000000000001000000000000000000000000000000
0000000000000001000101000001101110001001000001011000000000000000000001000000000000000000000000000000
0000101100000000101100010000111001110000000001100000000000000000000000100100001000000000000000000000
0000011010000110001000111100000000011000000000101100001001101100000000001010001100000000000000001101
0000100000000010000100101111001000001000011010111000010001100010000000000110010001010000000000000101
0111011010000000010110010110111000010000100000000000100010000010001010000001001101111110100000000010
1110011000000000010000110100100000000011000000000000010011000000001010000000000001001110100100000000
1000011100000000010000000010000000000110011000000000001010100000010000000000000000110010111110000010
0000001010011100100000000010000000000001110000000000000100000000010100000000000000000001110010000010
0011000111000100010000000001000000000000100000000000001100000000000100000000000000000000100011000000
1011001001011000010110001010000000000000000000000110000110000000000000000000000110000001000001000010
0000010100000001000110001011001000000100000000001101000110001100000000000000001001000001000000000010
0000001100000000001011101100111000011110000000001000101110001000100000000000001001000000000110000000
0000010001111010100001000001001000100001000010000100100011111000000000000000000000110000100111000000
0000000001000010100010000000000000100101000001000000001011000000000000000010101000010000000100100000
1000111110000000001101000001000000010000100001001100111000000000000000000010101101000000110000100000
0100101111000110000000110110000000001101100010001000100100000000000000000010000001110011011000001110
0010010110100000000110000000000000000010000010001111011100100001000110000000000000100000001000110101
0111001000100000000001100100000001000000000100001101000010101011001001000000000000010000101000100101
0000001000011100000001100100000001000000000100100000001001011010000001000000000000010001001000011100
0000001001000000000001000100110000100000000100101101000000011010010110000000011000010001010000001101
0001110100100000100100000000000000010000000100100000000000110010010000001011100000001001010000000110
0001100101000101001000000000000000100010000011000000000000111001000000000001000000010001100000000010
0000000000000110000001011100000001000010000000000000000110011000000000000001000000110101000000000000
0000000010000101000011001100010100000010000000001111100101001000000000000011000001000000110000000000
0100100101000110000011010100011100100100000000011101100101000100000000000011010100101100000100000000
0100110100000000000001000000011110011000000000001101100001000100000000000000000100000000000100000000
1000000100000000000010000000000101000000000000001110000101000100000000000000010110000010011100000000
1010000100000000000000000000000000000100000000000110000100011000000000000000111010000100000001010000
1100010100000000000001100000001001001000000011101000000000100000000000000000000100000010010101010000
0010000110000000000111100000001010011111000001000100000111000000001000000110010110000000001101101110
0111100000000000000000101000000000110100010000000010000000000010111100000100001000000010001000000010
0111100000000000001010000000000001100010010001000010001100000001010110000100110000000100000000000000
0000000000000000010100000000000001100010010001111001001000110100010000101000000000000110100000010000
0110000000000000010000000000011000000000011000100110010111111000001100000000000000000001000000100010
0010000000000000000000000000000000000000011000000110000011010000000100000000000000000000000000101110
