0000000110000000000000110010000011000000000001000000000111000000000100000100100000000000001100001110
0011101100110111100100110010000100100000000010110000010010101001101100000000100000000010010010010010
0011101000110101000000000000000010000000000010110000110101100101010000001000010001000110001100011101
1000010000111111000110000000000010000000000000000000010001000001000000011011111101000101000000011111
1101110000000011010100000000000000000000000000000100000001011000000000000011111110100010000000101110
0000000001000011011000000000000111000000001010001011000001010000000000000000000001111001000000110000
0000101110100000011000000000000000000000001010010001000000000000000111001010000000010001000100000101
0000000101100010000000000000000100001110001010010011000000000000000111110110000000001010001011000101
0000100010100001110000000000000000000000000000001100000000000000000011010100000000000100001010000110
1100000100000000101100000000010000000000110000000000000000010000000001001100000000000000000100000000
1100000010100000100010000000001000000001110111000000000000110000000010001000000000000000000000000000
1101101011000001000011000000001000100001010110000011111000000000000001101010000000000000000000000000
0100001010000001001011000000000001010001010010100011111100100000000000001101000000001101010000000000
0010010010000110111011010000000010000101000100001000000000000000000000000101100000000100000100000000
0110010100000111000000100100000110111101001000001010100000110000000000000011000000000100000110000000
1001010000000001110001000000001000000111110000001111100001001000000111110000000000000110000001100000
0010011000010000110000100110010000101000000000000011100000110100000000000110100000000000010000000000
0011111001101101000001000000011000001000000000000000000000010010000011111100000001011010010000001100
0100010000100000000100000000000001101101110000000000000000001010000000000000000011010111000000101100
0110100100110000111010100000000011000110001000000000000000001110000000000001000011010000010000101100
0010011000010000110011010001100000010000010000000010100000000000000000000000100000010100011101110100
0000011000110000010000000110010000110100000000000111000000000000001100000000000001111100000001010110
0000000001000000000000000110001100000000000000011010000000000000001100000000000001000000111000000010
0000100001010110010000000001111110010000100000111001000000000000000000001010000000000000100100000111
0001110011011111110000000000000001110001000001101011000000000000000000001111010000000100000010000000
0000010011100001010011100000000001000101000001100011000000000000000000001000000100001010000100000110
0101100111000000110101100000000001000000000000011000110111000000000000001000000100011000000011100000
1010000011000000010000000001110001100000000000000111110111000000000000001000111100000000000010000001
0001001010000000001101000000010000100000000000000010110000000000000000011011111011000110010010100010
1011000110001110000101000011110011100000000000000000000000000001000000001100001001101110000001100010
0110110000110010000011101010000100000000000000000000000000000001000110000000000000010100000000100010
0001100010000000000000000000000000100010000000000001000000000001001111000000000011000100000000011010
0000000010000110000000001000000000010111000000000001100000000000010001000000000001101100000000000110
0001110001000000000000110110000111000010010000000010011000000000000000000000000000000000000000001100
0001000000000111000000110110001100100011111000000000010000000000011100000111110010000001110000001000
0001011100000000001000000110010011000110100100000000000100000000000101100110010001100001001000000000
0000101100010111001000011000010111000000001000001110010000010000000000000010101001100001010100000000
0000000000100100000000010000000110010000010000001110011000101000000010000100101100100000001010000110
1100000000010100000000000000000000011100100000010001100010011000001100000100010110000000001010001000
1100000000101110000000000000000000001101110000000000000011100000000000000110110000000000001100010000
0000000000011110000000000000000001110000111000000000000011000000000000001010110110111000001010001100
0000000000111000000000000000000101000010110100000100000000100010000000011010110001110010001010000000
0000000000000000000000000000000111000100000100000100000000110101100000011000010000111010011111000000
0000000000011000000001000000000011001000011000001000011010000100001000010101100001000100001011000000
0000000010010000000010010000000000001100010000000010101101111010111000011000100001100000000000000000
0000000100010000000100001000000010011011100110010010100111110100101000000000000001101010000100100000
0000000100100000000100000001000010010000001001011100100000000001110000000000000000100010000000000000
0000000100100011000100000000100000100000001001011000001110000011010000000000000000110110010000010000
0000000011100101000010000000100000000000000111000100100000010000010010000000000001000010001001100000
0000000000001100000001000011000000000000010000000110001100010010010101000000000011100011011100000010
0000000001110110000000010000000000000000010000000100010000000110001101000000000010011001111110000101
0000000001001100000000001000000001100000000000000000100000000010110011011001010001000101110111001110
0000000000111000001110111000000000010010000000000000000000100001000000110000000000010110111000000000
0000001000000000000111110000011100011011001110000000000010010000000000000010110000000001000000000000
0000010100000000000011000001000000001001110110000000000011010000000000000010000001111111101100000000
0000010100000011100001001101000110001001101100000000000001100000000000011001000001110101101100001000
0000001000000011100000001101000000010001000000001000000000000110000000000001000001010011010010001100
0110000000000000011000001100000000000000011100000100000000001110000000000001110000000001011000000110
1000100000000000011000000010000000000000001100001100101010000110000000100010010000001101000000001100
1100000000000001100000000000000110000000010100001110001011000000100000000011111110111011010000000100
0100010000000011000000000000000001101110000000000000001000011011100001000000000111110001110000001101
0000110000000000110000000000000100010111110000000001110000001000100001011111101010100000100000001101
0001100000001100000000000000000001101011100000000010100000000000000000001110110000000000010000000011
0000000000011110001000000000000000000000000000001101100000000000000000000110000000000000000000000000
0001010000011001011110000001011010000000100000110100000000000000000000000000000000000000000000000000
0001001000000001010000000001001111110001000001011100000000000000000001100000000000000000000000000000
0000001100000011011110010001101011100000000001000100000000000000000000000100001100000000000000000000
0000101000000111011000100001101000001000000000001100000001110100000000001010011100000000000000001100
0011100000000110000111100001101000001000010001101100010010110010000000000111010001010100000000001101
1001001100000000000111000000101000000001110000010000110010100000000000000010001001000010000000000010
1001000000000000110000110100100000000111110000000000010010000000011000000000000011000000100110000000
1000000000001000110000000111000000000100011000000000001010000000010100000000000000111010000010000000
0000010001001100110000000011000000000011001000000000000010000000000000000000000000000000000000000000
0111001001000100111000000111000000000001110000000000001000000000001000000000000000000000010011000000
0111101001101000100110000010000000000000000000001110000000000000000000000000000110000001100011000000
0000010110000000000000001011101000000110000000001001000001001100000000000000001001000000000010000000
0000010110110001000000111100101100011110000000001011111000100000000000000000000001000000000101000000
0000001011110100010100100000101000100001000000000000001000111000000000000000010000110000001001000000
0000100101010100010111000000000000110011100011001100101010010000000000000000001100010000111100100000
0000100000000111000111100010000000010100100011001100101010000000000000000110001111010001110000010100
0101100000000000001001100010000000001111100011010000000100000000000000000001000011010001001000101110
0000110000100000000010011110000000000111000110010001011111010011000110000000000001000001101100110001
0111011001101000000000100000000000000000000110011001110010101011000101000000000000110000001100100100
0010011100111000000010001110000001100000001110000000000001000010001101000000000000111001001000010000
0000101100111000000011100000000000100000001111100000000000000011001010000001110000011011011000010000
0001010101100000000000000000000000110000000100110000000000000011101000000011110000011011010000001001
0001011010000101000000001000000000100000000011000000000001000100000000000000000000110001000000000110
0000000010001101000011110100000000000111000000000111000111000100000000000001100000111011010000000000
0000000010001001000000000010010110000110000000010000101101111100000000000000000001000110100000000000
0000111100000110000000000100100000011100000000010000010001101100000000000011101010000000001000000000
1100110100000000000001100000010001111000000000000000100001101110000000000000100100000100000110000000
1000000110000000000000000000000100001000000000000000000000100100000000000000110010000000001110000000
1000000110000000000001000000000010000000000001010010000010111000000000000000110010000110010100000000
1010000100000000000000100000000100010000000011101010000101110000000000000000100000000000000101010100
1000101110000000000010000000000101000010000011100100000011000000001100000110000110000000010101111110
0000100000000000000000110000000000000001100000000110001000000001100010001100101100000000001100000010
0100100000000000001100000000000000000110111001010111001100000011000110001100010000000101000000000000
0000000000000000010100000000000001100000110001011001010000000000110010000000000000000111000000000000
0110000000000000001000000000000000000000100001100001001100000000001100000000000000000011000000101010
0110000000000000000000000000000000000000011000000110000100011000001100000000000000000000000000010110
