0001011010100011100000110000000010000000000001100000000011100001100100000000000000000000001100001110
0110000000100001100001110000000100000000000000010000111010010011000000001000000000000110010010011101
0111001000010000001011000000000110000000000000110001000001000100000100010100000001001101101101110011
1010001101100000000001000000000101000000000000000001101011000101110000010010000001000001100001110011
1100110010110000000000000000000010000000000000001000110011000000000000000000011100111000100001100000
0000100011000110000110000000000110000000000000010001000000111000000000000000011110001000100010000000
0000000000110000011100000000000000000000000000110000100000000000000000011010011110000000000100001100
0000010010110000000100000000000000001110011000110001000000000000000000110100000000001001001000011000
0000000010110001100000000000000000000010111000001001000000000000000000010000000000001110001001001110
0000000000000000000110000000000000000010011110000111100000110000000011000000000000000000000110000000
0000000011000001011110000000000000000001010110000001100001001000000010001000000000000000000000000000
0000110011000010000000000000000001100011000001000110101000110000000001101001000000000100000000000000
0111101011000011001100000000000011100001001110000111001100000000000000010011100000001110000100000000
1000011100000010101001000000000100000010111110110010000000110000000001101100010000000000001001000000
0101011000000000101010100000000000000011000100011001010001001000000010111011100000001000001000000000
0001000000011100011010010000001101001010001000011101110001001000000100100100000000000010000101000000
0100100001101100110001100000010110001110000000000000100001000100000000000000000000011000000000001000
1001000001101001100100100000011010000010000000000000000000000011000011000010000000110000100000001100
1000100001001001101011000000000100000000010000000000000000101011000001000000000000010000000000001010
1000100000011000100000100001000000000000010000000000000000011011000000110000000011100100001000000000
0100001000001000101110110111100011000001000000000100000000000100000000000000000010000110001001100110
0011011000100000000011001100110000000000000000000100000000000000001100000000000011010100100001101100
0000000001001000110000001100001110000000000000000000000000000000001100000000000000011001100000001001
0001011000010000011000000011000000000101000000000000000000000000000000011011000000001000100010000111
0011000000010000011001000000001100011111000000000101000000000000000000000000000000001000000010000001
0100011000011000011000100000101000000110000000101000000010000000000000100011001100010000001001000000
0000101000001000111010110000110000000000000000100010001101000000000000000000001100000000001001000000
0100100000000000110111100001110100100000000000000010010101000000000000000010000100100010000000100011
0011111110000110000000000110001010010000000000001010001110000000000000010000100000001000000110100101
0000110001010010001001000000101010110000000000000000000000000001000000111100100000001000000000010100
0011000000010001000111100000100110100010000000000000000000000001100000101111000000010000000001000000
0011010100001110000011010000000010100101000000000010010000000000101001100000000100010110000000011000
0010010011000010000000010110000000100101100000000010001000000000001110000001000000011110000000010010
0011100000000000000000100110001000010000011000000011001000000000010000000010010000000001110000011010
0010000000000000000001110011011010110000001100000000110000000000001010000000010011100010010000001100
0011001000001010000000100110000001110000000100000100011000000000001000000010001010100010001000000000
0000101000000010000000100100001000000000111000001100010000010000000001000110101010110001100100000000
0000000000100110000000010100000001011010111000010000000100001000000100001000111001000000000010001100
1100000001001000000000000000000000010101100000001111110111101000000000001000100011100000100011000110
1100000000110000000000000000000001000000000000000111101101010000000000000011000101000000100011010100
0000000000000000000000000000000011111000100000000000000001000000000000011000000011000000011000001000
0000000000000000000000000000000100000001100000000000000000000111000000010100000000000100011000000000
0000000000100000000000000000001100000001100100001100000001000101000000000011010000001000011000000000
0000000000001000000000000000000101100111010100000110010001110100111100101100010000010010011101000000
0000000001000000000110000000000011100110000010001111100000000001001100011011010000000110001111000000
0000001010001000001001000000000010011100000011101110101100000110001000000000000000000100000010000000
0000001000001000001001000000000000111011000001011011000000000101001100000000000000111001000000000000
0000001000000111001001000001100000110000000000001100010100000011011100000000000001110100100000000000
0000000110001101000110000000100000000000011000110010110100000000010110000000000010000000000001100000
0000000010000110000000000000000000000000001010001001100100001000010101000000000110100110000011100000
0000000011100000000000000000000000000000000000001010011000000000100001000000000000000000000011101001
0000000001000010000000010000000000011110000000000000000000000100001100001000000000100010000101001010
0000000000111100001100001100000000100011001100000000000000000011101101001000100000011100001110001110
0000001000110000001100001000010100000011001100000000000000000000000000111101000000001100000000000000
0000010100000001000110010010110000000000010010000000000110010000000000000100100000000000001110000000
0000010100000010000010100111100000011100000100000000000011110000000000000000100011101000000100001100
0000001000000010000000010100000000000000000010000000000001010100000000000100000000011100000000001010
0100000000000000000000001000000000000000000000000000000000011001000000000100100000000000011000000000
1010000000000010001000000000000000000000001110000100000111011011100000000100011000001100000000000000
0010000000000011111000000000000011011000001100000010101001100010110000000111100000001010010000000000
1110110000000000010000000000000100111000011000000100001110100001110000100000000000010000100000000000
0011001000000100110000000000000010000000110000000000011000010100110000101000100000010000000000000101
0011010000000000011000000000000001110000110000000100010000001000000000111000110000000000000000000111
0001010000000011010000000000010001000000000000011101000000000000000000000001100000000000000000000010
0001101000000011010000000001110001100000000000100001000000000000000000000000000000000000000000000000
0000100100000010101000000011101100000000000001011110000000000000000000000000000000000000000000000000
0000100010000000000000000110000000100000000000000011000000110000000000000000010110000000000000000100
0001000010000010000000110000011000000000000001001111000001111000000000000011000001000000000000001100
0001001100000000001000100000011100000000000000000101100010001000000000000100010100000000000000001000
1110000000000000101110011000101000000000000000111001000010010000000000000011000100000000000000000100
1100000000000000100011100101110000001110000000010000100000100000011000000010000010011000000110000000
1010000000001101001101011101100000000100000000000000010111000000010000000000000011010000000000000000
0110000000010001101100001100000000000100001000000000000000000000000000000000000000010000000000000000
1100010111010101111100000000000000000100010000001110000000000000000000000000000000000000000101000000
0101101111100000011100000101010000000100010000010010000000000000000000000000000110000000000100000000
0011011000110000000000011010101100000110100000010000011000000000000000000000000101000000001100000000
0000010000000000000000001010000010010001000000010011101001110000000000000000000011000000000001100000
0000110000110101000000001000011100100100100000001000101110001100000000000000000001011000000001100000
0000000000000000000000000000000001001001110010010010011010001000000000000000011001000000000010000000
0000111000001011000000000000000000101001110010110100010110010000000000000000000000011111000111111110
0000110000111010000000011011000000010000110000110000110011000010000000000000000011011010101110001110
0101000011110000000000011011000000000001000000010001010001011010000010000000000011100010110001100100
1001000101011000000001000010000000000000000000001001010000011010000101000000000011101100010000001000
0100100010001100000010101000000000000000000001000000100000100000010111000000000000000110000000100100
0001100001011100000010001000000000010000000000001000000000000000101010000001110000000011001000100000
0001010001001000000000011000000001010000000000010000000000001101111100000111111000000000011000010010
0000000110100010000010000100000001011010000001100011000000000101100000000000000000000000000000001010
0000000011010001100010000010000000000001000001000000000110001101000000000000000001001000000000000000
0000011000001001100001000010010000000001000000000110000000000110000000000001011001110011000000000000
0000101110000110000000000100010001000000000000000000000100000000000000000001110000110011000000000000
1100000000000000000000000000010100110000000000000000010000000000000000000001000001000000000000000000
1000000000000000000000000000000110110000000000000000000000000100000000000000001010000000000000000000
1100000000000000000001100000000100000000000000001100000000000100000000000011010000000000000000000000
1100010000000000000001000000000100000000000010000000000101000000000000000100010010000000000000001110
0011011110000000000011100000000000000000000001011100001001000001000100000111000001000000000001000011
0011110110000000001110100000000000000011000101101001000001000011111001000000000010000000001111111100
0011000000000000000110000000000000000000010011110001000100000010000001000000010000000010000100010000
0110000000000000010100000000000000000000001011000100000000000001111000000000000000001101100000000000
1001000000000000001000000000000000000000001111000001100100000000111010000000000000000010000000010010
0110000000000000000000000000000000000000010000111111011100000000000100000000000000000000000000010010
