0010000001000010100001010000000000000000000000100000010111100011100000000000000000000000001100010010
0100111101110010110010010000000100000000000001010000110110000011100000001000000000001111110011000001
1001001101010000000010000000001100000000000000110001001001101100000000010100000000001100001100000000
1000101111000000000011000000000101000000000000010001000100100010100000001000001011000110000000000011
1101111000010000000010000000000001000000000000000000010110011000100000000000010001111000110010010000
0000110010001000000110000000000110000000000000111001010001110000000000000000100001001000000011000000
0000000010011000000000000000000000000100000000001001100000010000000000111100010010000000000100011100
0000000000001000110100000000000000000111101000101001100000000000000000100100001100001010001100010010
0000000000110000000110000000000000000010100000011100000000000000000001011000000000001110001010011100
0000000010100001010010000000000000000010000010000100000000110000000011000000000000000100000110000100
0000000011000000001010000000000000000001010001000000000001001000000010110000000000000000000000000000
0010110000100010110010000000000010100011000001000100101100110000000001101111100000001110000000000000
0111000001000110011100000000000010100000000000101000011100000000000000000011100000001110000000000000
1000000010000010101011000000000011000010110001110000101000110000000001000000010000001000001100000000
0010010100001101101010100000001110000010100010000001010001001000000010000011100000000000001110000000
0001010000110100001010010000001100001000000000010111010011101100000001101111000000011100000000000000
0011100001000011000111110000010001001011000000001001110000000110000011000000000000111000000000001100
1101100010001010001100100000010010000010000000000000000000000001000011000000000000100000000000011000
1101100001001100000111100000001100000000000000000000000000001000100011000000000000011000000000001000
1100010000011100101000110001100010000000100000000000000000011001000000100000000011101110000000000010
0111101000001000010110110100010000000000000000000000000000001110000000000000000100000110010001111110
0010011000010000101011100000111001000000000000000000000000000000001100000000000011110100110001101000
0011000000110000111000001001111100000000000000000000000000000000001100000000000000110101110001011001
0011100000111000000000000110000010000101000000000000000000000000000000000000000000001101100000000101
0011000000110000100100000001011100000001000000000000000000000000000000010100000000011000000111000001
0011111000011000000000110000101100000001000000010110000110000000000000000000001100000000000111000000
0000101000011000000010010000000000000000000000010100001101000000000000000011000010000000000001100000
0010000000000101100110110011000100000000000000000011010001000000000000000000001100000000000110100011
0010001110000111011100100010001010010000000000000100001110000000000000110101000000010100000001111101
0000000110101111000101100001001010110000000000000000000100000001100000100000100000011000000011101010
0010011000110001000100000000010010100010000000000000000000000001110000000011000000010100000000110000
0100001010001111000100011000000110110101100000000000000000000001101011110101000000110010000000111000
0100011010000010000001010110000001111001110000000110011000000000001111000000000000010000100000100000
0110100000000000000001000000011101011000111100000011101000000000010010000000100001111001110000010010
0100100000000000000001011001011100001000010100000011100000000000011100000000011110100010011000011100
0011010000000100000000001101011101010000000100001100001000000000000100000111001010000010111000000000
0001010000000011000000110100000001001001100100001100010000000000000000000110101010110001000100000000
0000000000000110000000001000000000111110001000010001010101101000000000001000101000010001100111001110
1100000001001100000000000000000000010111100000001000010001101000000000000100101100100000000100100010
1100000000110000000000000000000011000001100000001000001100010000000000011101000100000000100111100110
0000000000000000000000000000000011110001100000000011000010100010000000011110000011000000101100001000
0000000000000000000000000000001101110000010000000000000000000101000000010110000000000000100100000000
0000000000000000000000000000001100000000011000001110000001000101011000010010100000001100100000000000
0000000000000000000000000000001100100100001110000000100001101001110100001000011000001010000001000000
0000000000000000000110000000000100000001000110010000101000101101100000011010100000001110010001000000
0000000100000000001001000000000010000001000010100000110000000101010000000000000000010100000011000000
0000011000001010011111100000000001000010000011000001110100000101100000000000000001000110000000000000
0000001000000001001001000001100000101000000000000000010000000011010000000000000001000000000000000000
0000000110001001000110000001100000000000011100010010010110000000010000000000000110011110000010100000
0000000000001110000000000000000000000000011100001010000100000000110101000000000111000000000000000000
0000000010100110000000000000000000001100000000000101111000000000010100000000000001000110000100000100
0000000010001100000000001000000000011111000000000000000000000010101100000000000000011100001000101011
0000000001001100001100011100000000011000001100000000000000000011011110100000000000010010001110001010
0000001000100000000000011000111000000011110010000000000000000001000000110111100000010100000000000100
0000010100000000001011011010011000001110000010000000000110010000000000010111100001011100001110000000
0000010100000011000111110100110000001000000110000000000100010000000000000000000001101100001110001100
0000001000000000000000010101000000001000000000000000000011000000000000000000000001111100001000001000
0100000000000000000000001000000000000000000010000000000001000001100000001110010000010000000000000000
0010000000000010101000000000000000000000001010000000000111001010010000001100010000001100011000000000
1010000000000011101000000000000011001000000010000110011000000110000000000111110000011000000000000000
0000110000000010000000000000000100101000100100000000000010110010001000010110100000011000000000000000
0000001000000000100000000000000010001000000000000000010000011001010001101000110000000000000000000101
0000011000000011001000000000000011100000110000000110111000001000000000101000010000000000000000000101
0000011000000011010000000000010010010000000000011100100000000000000000010001110000000000000000000111
0001001000000100011000000010000011100000000000100001000000000000000000000000000000000000000000000000
0000100100000010110000000100001001100000000000111100000000000000000000000000000000000000000000000000
0001100110000001000000000110100100000000000000110000000001001000000000000000000010000000000000001100
0001100010000000000000110000010100000000000000001000000001001000000000000010100100000000000000001100
0101000100000000011001101000100100000000000000100000100010001000000000000100101010000000000000001000
1010000000000000001010011001000100000100000000111011000001010000000000000111001110000000000000000000
0000000000000001100000000100000000001110000000111000100100100000011000000011000111111000000000000000
1010000000001011001001010001010000000000000000000000000011000000011000000000000011010000000000000000
0010000010110100000000010110000000001110000000000100000010000000000000000000000000100000000000000000
1001110000011011000010001110000000001110011000001110000000000000000000000000000000000000000010000000
1101000000001000000100001111111000001100110000010010000000000000000000000000000110000000000100000000
0011000010110000001000011010111100001111100000111010111000100000000000000000000101000000001110000000
0001000000001000000000001001000010001101100000011001100011111000000000000000000001000000000011100000
0000110000000000000000000100001111111010010000011110100010101100000000000000000001000000000010100000
0000001000011101000000000000001001101110000001110100100001011100000000000000000000000010000100001100
0000101000001011000000000000000000101000001000000000000000000000000000000000000011010011001000110010
0001001000001011000000011011000000010000010001000000010101011100000000000000000010000000101000000000
0011000010000100000000111000000000000000100000111001011011011011000010000000000100000010100111010010
1101100100000100000001101011000000000000000000000001010000001000001101000000000010111001110001111100
0010100011000000000010010100000000000000000000000000100000010000010001000000100001001001000000010000
0011010011110000000001001100000000100000000000000000000000000001000001000000001000000111011000110000
0001000001001000000000011100000000010000000000110000000000001100001100000010001000000000011000010100
0000000100110001000000001100000000011000000001100000000000000000001000000011110000000000000000000100
0000001011110010100011000110000000000011000001100101000000001001100000000000000001010000000000000000
0000011001001100100000000110000000000000000000000000000110001110000000000001011001001111000000000000
0000001100000111000000000000110000100000000000000000000000000000000000000011011000010011000000000000
1100000100000000000000000000000100010000000000000000000000000000000000000001010001100000000000000000
0000000000000000000000000000000111110000000000000000000000000000000000000011100000000000000000000000
0000000000000000000001100000001100000000000000000000000000000000000000000010111100000000000000000100
1000110100000000000000000000000000000000000000010000000010000000000000000100000000000000000000000111
0000000010000000000000100000000000000000000001011100000001100011011000000110000011000000000101000001
0100010010000000001000100000000000000000000000000110000010000010111010000010000000000000001101011110
0000000000000000000001000000000000000000001000011010000000000010000000000000000000000111001101010000
0100000000000000000110000000000000000000011000000011100000000001001100000000000000000101000000000000
1001000000000000001000000000000000000000011000010001110100000001000000000000000000000111000000000000
0110000000000000000000000000000000000000001111111111011100000000011100000000000000000000000000000000
