0000011011000000110000100000000000000000000000100000110101000010100000000000000000000111111110000000
0111110101010000110011100000001100000000000001010000110000010000100000001000000000001011110010000000
1101000000010000000110000000001100000000000000011001011001110100100000010100000000000000111110000011
1010000001000000000111000000001100000000000000110000100100100001000000001000000011000010011100000000
1101000001000000000000000000000101000000000000101000000110001001000000000000010000011000000011000000
0001001100001000000110000000000010000000000000011001011011000000000000011000110011001000000111110000
0000000000011100001110000000000000000101000000101110010000010000000000111100011110000100001100111100
0000000000101000001110000000000000000100110000000011100000000000000001000100001100001010001010100010
0000000001110000010110000000000000000000110000010110000000000000000011011000000000001010001010010110
0000000010110000001011000000000000000010100000000100000000110000000010001000000000001110000110000100
0000000010100001001011000000000000000001100011000000000001001000000010011111000000001010000000000000
0110100010100111100010000000000000000011100001100000000110110000000001101100100000001010000000000000
0111100001000110000001000000000110100010100000001000100000000000000001100000010000010010000000000000
0001000010001000100011000000000000000000110001110000100100110000000000000000010000001000001010000000
0000101000011101101010100000001001000100110001011001011010001100000010100000100000010100001010000000
0000011000110100111000010000010000000010000000001100011011111010000000100100100000100100000100000000
0100010001111011000000010000010110000011000000001101010001001110000000000110000000100100000000011100
1000010011001011001000000000010110000111000000000000100000000111000100100000000000100000000000010000
0001010000000010010010000000111110000000000000000000000000011001100010100000000000001000000000011100
0000010000010000011000001000111100000000000000000000000000010011000001000000000011100010000000100010
1001101000000100100010001001001000000000000000000000000000011110000000000000000100000001110001001010
0000011000111000100010101001000100000000000000000000000000000100001100000000000011010100001010000010
0100010000000000101101000111000110000000000000000000000000000000001100000000000000000100000001011110
0100100001001000101000000110000010000010000000000000000000000000000000000000000000100101010001101001
0100000000000000000000000011110010000001100000000000000000000000000000000000000000011100000101000010
0010001000000000000000110000100100000000000000000110001110000000000000000010000100000000000100000000
0010101000010100000110001001001100000000000000000101001101000000000000000000000010000000000000100000
0001011000000101110010110011000100000000000000001110010001000000000000000001000100000000000010001111
0000001011000000010000000010001011110000000000000010001110000000000000110000000000010000000100001001
0000010010101000000101100000011010110000000000000000001110000001010000110000100000110100000010000010
0000011010100000101100110000001010001011000000000000000000000010000000010011100000000100000000000100
0110000001011101000010111100000110000100010000000000000000000001001000100001000000110000000001001000
1100011000000011000010010100000000000110000000000110111000000000101000000000000001000000110000101000
1111100000000000000011010110110101000101000100000000001000000000010001000000011111001001001000110100
0100110000000000000000111110000000001000110110000000100000000000010110000011111010100110000000011100
0011010000000010000000000100010100111000100110001001110000000000000100000101100010110010100100001000
0011000000000001000000010110001011000011001100010110110000000000000000001000101001110010000100000100
0000000000001001000000011000000000100000010000010100010011100000000000001010101001010001101101000110
1100000000111110000000000000000001010000110000011000110101001000000000010111101100000001101000111001
1100000000111000000000000000000010011000010000000100001110010000000000010001001101000000010001110110
0000000000000000000000000000000000010001010000000000000100000010000000100001000010000001101001000100
0000000000000000000000000000001000010000011000000001000001000101100000110000000000000001101100000000
0000000000000000000000000000010001010000010000000100000001101101011000010011010000001101000000000000
0000000000000000000000000000000010000000010010001101010001101000000000001000110000010011000000000000
0000000000000000000110000000001110000010001000000001100001101100001000011100010000010010000001100000
0000001000000000010000100000000010000011000000100000000000000100010000000000000000000000000011000000
0000011100000000010000100000000001000000000011000001000000000100010000000000000000101110000000000000
0000011000000111110000100001100000000000001110000001010110000011010000000000000001100000000000000000
0000000100001001000110000001100000000000010100000100000110000001010000000000000100101100000000000000
0000000111011001000000000000000000000000010100001010000110000000110010000000000101100000000000000000
0000000001010000000000000000000000010000001000000111111000000001000100000000000001100110000000000110
0000000010010000000000011100000000000010000000000000110000000010100000000000000000110000001010011011
0000000001011100000000000100010000010000011100000000000000000010010011110011000000110010001100011011
0000001000000000001010000000101000010011111010000000000000000011101101110100100000010110000000000100
0000010100000000000000000001000000001010100011000000000110000000000000110100100001000010001010001100
0000010100000000000100000101111000011000000110000000000101100000000000000011000010000010010010001100
0000001000000000000011010110100000000000000110000000000011100000000000000100000001000100001000001100
0000000000000000000000001000000000000000000100000000000100100001100000001010000000000000011000000000
0010000000000010100000000000000000000000000011000000001111000010100000000000011000000100000000000000
0101000000000110100000000000000011010000000010000000001000111011000000000000010000000000000000000000
0000010000000010110000000000000100001100000000000000011000110011000000110000000000011000000000000000
0000101000000010000000000000000110100000110000000000111000101100000001101001110000000000000000000000
0000000100000010010000000000000110110000000000000111101000011000000001101001001000000000000000001101
0000100100000101010000000000000100010000000000011100100000000000000000010000110000000000000000000101
0000101100000100001000000000000110010000000000100010000000000000000000000000100000000000000000000010
0000111110000011111000000101000100100000000001001000000000000000000000000000000000000000000000000000
0000010110000001100000001110010110000000000000100100000000000000000000000000000000000000000000001100
0000000010000000000001111101110110000000000000100000000011011100000000000001010110000000000000010000
0101100000000000011101001000100110000000000000101101000011111000000000000100101010000000000000001100
0110000000000000101101111100000000001110000001001101100011110000000000000100111000110000000000000000
0000000000000011110100110010100000001110000000101101000000100000011000000101001000011000000000000000
0100000000011111100000100100000000000000000000011000000111000000011000000000000100001000000000000000
0010100000100000000000110001000000001010000000001110000011000000000000000000000001100000000000000000
1001100000100010000000010000110000010001111000001010000000000000000000000000000000000000000000000000
1100000000101100000100000000000100010000001000100010010000000000000000000000000110000000001000000000
0101100000011000000000010000000100010000000000100010110000100000000000000000000101000000001000000000
0011000000010000000000011011100000100000010000000000000110001100000000000000000001100000000000100000
0000110000010100000000000000001000000000100000000010110010000000000000000000000000000000000110110000
0000101000011101000000000000001000000010000000110111000001110100000000000000000011100011000101101100
0000001100000000100000000000000001101000000001000000000010000000000000000000000011000011011100011100
0011110100001001000000101100000000010000010000110000110101010110000000000000000111000010101011010000
0100000100001100000001000000000000000000000000110000010111000010000110000000000111010000001111010100
0100100101000000000001000010000000000000000000010001011000101100001101000000000011111110010001000100
0000010100000000000010010000000000000000000000000000100000000000001001100000000001101000001001000000
0010000000010000000000100010000000000000000000000000000000001000001010000000010000000111011000110000
0011100000001000000000010010000000111000000001110000000000000000001100000010101000000010111000110000
0000000100001001000000010000000000011000000000000000000000001100011100000011110000000000000000001000
0000011010000110100000000000000000000000000001100000000000001011000000000010001000101110000000000000
0000010001011000100000000111000000000000000000000000000000001111000000000011011000011101000000000000
0000010110001111000000000000000000000000000000000000000000000100000000000011000001011001000000000000
0000001100000010000000000000001100010000000000000000000000000000000000000000011000100000000000000000
0000000000000000000000000000000001110000000000000000000000000000000000000010000000000000000000000000
0000000000000000000000000000001101100000000000000000000000000000000000000110111000000000000000000100
0000000000000000000001100000000000000000000000110000000001000000000000000101011110000000000000000101
0000111110000000000000000000000000000000000000110110000011000011001100000110000000000000001100100001
0000000000000000000001100000000000000000000000100010000001000110101100000110000000000010000001011110
0000000000000000000111000000000000000000011000001000000000000010100000000000000000000101001100010100
0000000000000000000110000000000000000000000100011110010000000011000000000000000000001000100000000000
1000000000000000000100000000000000000000000011010000000100000000110000000000000000000101000000000000
0110000000000000000000000000000000000000011111111111010100000000001000000000000000000010000000000000
